 4096 220 61 1642  70712
 4096 143 46 1621  35462
 4096 132 100 1545  34366
 4096 139 90 1597  34795
 4096 211 52 1653  35545
 8192 173 68 1528  35105
 8192 135 100 1626  35189
 8192 141 90 1640  34137
 8192 158 51 1615  35043
 8192 177 62 1519  34338
 16384 167 108 1634  34782
 16384 146 50 1635  34940
 16384 227 65 1545  35359
 16384 191 42 1599  34320
 16384 199 90 1600  34642
 32768 148 117 1633  34287
 32768 147 95 1588  35152
 32768 151 67 1555  34440
 32768 153 95 1511  35404
 32768 256 93 1610  34885
 65536 168 137 1640  37272
 65536 161 107 1650  34588
 65536 168 103 1545  35242
 65536 181 99 1566  34988
 65536 284 91 1586  35797
 131072 217 150 1646  35053
 131072 366 167 1618  35159
 131072 222 133 1617  34618
 131072 207 164 1636  34318
 131072 243 90 1707  35401
 262144 292 166 1693  34238
 262144 489 184 1682  35063
 262144 265 210 1623  34110
 262144 472 163 1661  34917
 262144 257 158 1633  35083
 524288 451 324 1722  35994
 524288 369 291 1660  35621
 524288 653 282 1821  35540
 524288 659 307 1576  35912
 524288 366 293 1785  36162
 1048576 734 483 1782  36427
 1048576 695 476 1814  36389
 1048576 623 472 1763  35693
 1048576 634 441 1763  36497
 1048576 855 465 1774  35973
 2097152 1541 819 1996  36932
 2097152 1642 845 1793  36966
 2097152 1630 815 1878  38496
 2097152 1677 835 1987  37309
 2097152 1637 853 1794  37069
 4194304 2862 1569 1950  40073
 4194304 2557 1561 2153  40187
 4194304 2832 1582 1964  40713
 4194304 2796 1543 2107  39712
 4194304 2771 1598 2055  40107
