 4096 249 51 1681  32757
 4096 187 68 1603  33922
 4096 137 111 1540  34617
 4096 143 70 1612  35439
 4096 148 48 1533  35529
 8192 144 94 1614  35431
 8192 147 63 1517  35153
 8192 138 45 1585  35432
 8192 211 54 1593  35219
 8192 209 73 1557  34822
 16384 248 50 1496  34318
 16384 157 65 1547  34791
 16384 153 65 1590  35253
 16384 216 121 1553  35668
 16384 233 74 1545  34540
 32768 162 102 1588  34678
 32768 156 98 1578  34731
 32768 257 103 1618  34003
 32768 230 53 1577  35617
 32768 242 70 1663  34455
 65536 234 102 1595  35028
 65536 178 102 1635  34673
 65536 174 119 1518  35805
 65536 286 114 1501  34292
 65536 208 112 1506  35281
 131072 323 133 1599  34789
 131072 379 87 1664  34741
 131072 203 140 1596  34652
 131072 236 119 1640  35482
 131072 370 104 1676  34177
 262144 259 233 1572  34789
 262144 281 179 1663  34608
 262144 262 210 1660  34980
 262144 377 133 1731  36298
 262144 265 143 1625  34841
 524288 467 271 1767  34323
 524288 619 264 1659  34641
 524288 390 293 1622  35082
 524288 393 269 1713  34068
 524288 498 304 1605  36007
 1048576 740 448 1748  34856
 1048576 608 497 1687  35350
 1048576 610 465 1726  35533
 1048576 607 481 1806  35109
 1048576 648 465 1673  35761
 2097152 1510 846 1837  36259
 2097152 1407 853 1830  35747
 2097152 1522 822 1818  35270
 2097152 1386 871 1864  35949
 2097152 1379 824 1886  36323
 4194304 2357 1553 1965  37073
 4194304 2114 1597 2156  36914
 4194304 2275 1553 1871  36360
 4194304 2182 1572 2101  37003
 4194304 2051 1548 2117  37404
